DateTime	Peak at 701 cm-1	Peak at 1718 cm-1	Peak at 1271 cm-1	Peak at 680 cm-1	Events
00:00:25.046	0.00143035321492859	0.0187296346819779	0	0.00133199855471972
00:00:55.046	0.00136544821456162	0.0177135857706527	0	0.00145680530559084
00:01:25.055	0.000879019277141961	0.0159381074761793	0.000137715892140355	0.000713238282484444
00:01:55.050	0.000306780623452866	0.0154834497270049	0.000990684989560187	0.000395601174957794
00:02:25.061	0.000301343686453833	0.0144777525717221	0.00219397219668264	2.7875762594357E-06
00:02:55.052	0.000551205545345282	0.0142049834684716	0.00123259259056098	0
00:03:25.057	0.000392312903631926	0.016841326199089	0.00122058396682377	-8.67361737988404E-19
00:03:55.051	0.000558822013459846	0.0186813187341069	0.00239608813165292	0.000134922973471213
00:04:25.059	0.000111764402691969	0.0259601882209248	0.000975598625950942	0.000410621293868801
00:04:55.048	0.000327346674535941	0.026425368396598	0.00133366537451378	0.000305366938631224
00:05:25.059	0.000100128999115405	0.0299930300461962	0.0017715835004547	0.00092000886827084
00:05:55.042	0.000246021091116671	0.0213767702075596	0.00033067002494632	0.000378283692213746
00:06:25.060	0.000334747298366811	0.0152053574054363	0.000123735682251972	0.000359636279902077
00:06:55.029	0.000260126332162328	0.011392436117176	0.00022343266104367	0.00034118794998089
00:07:25.062	0.00023791314475211	0.00867306798628671	4.17936535549549E-05	0.000283696416239406
00:07:55.027	0.000210424464815096	0.00666302903346055	0.000143873595191207	0.000471281377505241
00:08:25.055	0.000295331939561776	0.00530891356917635	0.000225385459297081	0.00044377419655707
00:08:55.013	0.000319346841580457	0.00388101119240824	0.000137578345016328	0.00035162332153746
00:09:25.057	0.000540897314706888	0.0032283377166	0.000127170703910945	0.000339791498805439
00:09:55.017	0.000753806701410066	0.00264558174211041	0.000141251763734968	7.10417854957316E-05
00:10:24.975	0.000953709615570522	0.00213507522818872	0.000341407027546923	0.00045400141306594
00:10:55.020	0.00094256827891258	0.00171711917047692	0.00010411189282059	0.000122611128667116
00:11:24.959	0.00103832376195	0.0015923322609174	0.000128706832677311	0
00:11:54.957	0.00106156439262604	0.0012567788851879	5.10010989112838E-06	0.000380985373063898
00:12:24.938	0.000997950067086549	0.00113967282542803	9.15402780739069E-05	0
00:12:54.957	0.00104815109850018	0.000829046852728296	0.000123261770220003	0
00:13:24.928	0.00104496226211964	0.00106707139863919	0.000155302047299448	0.000162113053708334
00:13:54.958	0.000929608675718223	0.00088421667070675	0.000209898865565785	-1.73472347597681E-18
00:14:24.931	0.000914057971692794	0.000813395523694111	0.000240968004456116	5.66022150182705E-05
00:14:54.884	0.000872571314426051	0.000820790988917654	0.000345569860352788	0.000128321117901412
00:15:24.868	0.000723734648939891	0.000807640275139724	4.37912451569716E-05	4.11350690355311E-05
00:15:54.859	0.000573369216201103	0.00110831281242188	0.000202966850597957	0
00:16:24.870	0.000419344576764632	0.00110654189816046	0.0001269045395038	2.0496260521674E-05
00:16:54.840	0.000330661463251801	0.00100630050094934	0.000150725067497632	0.000369949558028534
00:17:24.864	0.000279214871687831	0.000864233759783946	5.89156286026788E-05	8.58554017008759E-05
00:17:54.834	0.00027081216221483	0.000849815995882492	0.000323120940313924	0
00:18:24.787	0.000190725572735141	0.000703188338151312	0.000157078438653009	0
00:18:55.209	8.66523374036757E-05	0.000663064666056057	1.34240769843285E-05	0
00:19:25.198	0.000292384473322667	0.000841793219744673	0	0.000144444141532646
00:19:55.185	0.000185418136865193	0.000640613758026157	8.44821101783972E-05	0
00:20:25.170	0.000196370324152209	0.000648462018128125	0.00010427564863273	0
00:20:55.176	0.000114056940828584	0.000810548507526093	3.09310399730276E-05	4.02459088806863E-05
00:21:25.137	0.000159631469323068	0.000730140338623952	0	0
00:21:55.178	8.88609666295599E-05	0.000596330807306993	0	0.000128425999319429
00:22:25.137	0.000164683472937994	0.000472570709081531	0	0.00019404038987761	Sample 45 acquired at 00:22:25
00:22:55.075	3.29366945875987E-05	0.000330799496357072	0	0
00:23:25.076	8.25961505345339E-05	0.00023155964744995	9.4678773487895E-05	0.000275626553540619
00:23:55.053	0.000241098022835095	0.000420065438763286	3.05883538344048E-07	0.000465837326391959
00:24:25.073	0.0188842744743426	0.00132078129400605	0.0037429791545333	0.00593051940264651	Sample 49 acquired at 00:24:25
00:24:55.044	0.044683782651509	0.00181990416907428	0.0079678122453243	0.0120973694521762
00:25:25.070	0.0498790900095453	0.00196830165852726	0.00821768994831118	0.0119075886132678	Sample 51 acquired at 00:25:25
00:25:54.980	0.0508163868372776	0.00254515927226051	0.00805045808421723	0.0120723914292009
00:26:24.962	0.0508597774334941	0.00228493986916154	0.00777558610122586	0.0120647998874043	Sample 53 acquired at 00:26:24
00:26:54.982	0.0506892832776138	0.00257922502578504	0.00809894523366572	0.0119820869156492
00:27:24.942	0.050705768288581	0.00310589146223775	0.0077701052256714	0.0119917271876036
00:27:54.982	0.0505992756956624	0.00377904102326761	0.00801888745012443	0.0119026699151011
00:28:24.942	0.0503119299099224	0.00430781303273771	0.00784694647183467	0.011889925545838
00:28:54.883	0.0505168358180398	0.00400426137203487	0.00806399654015522	0.0117923682404527
00:29:24.883	0.0503232458187963	0.00405991909787242	0.00786223578761536	0.011818793584079
00:29:54.854	0.0501314186170976	0.00431394580934406	0.00780568989801388	0.0118151495802107
00:30:25.282	0.0500502819746814	0.00482109673023954	0.00797605627588917	0.0116186613642222
00:30:55.260	0.0499740021788808	0.00486047263422247	0.00785195861514437	0.0115464238988549
00:31:25.282	0.0498013275900601	0.00628234083442173	0.00792950137281983	0.0117638927773773
00:31:55.258	0.0498389037610874	0.00626119578646465	0.00800281340070362	0.01155092824877
00:32:25.280	0.0497299367021127	0.00615465934873127	0.00788151654310957	0.0117108177496658
00:32:55.257	0.0495779043211842	0.00695851808780681	0.0079634206494641	0.0116714220103659
00:33:25.174	0.0496690911966735	0.00706180569416229	0.00789770483628841	0.0115826131905004
00:33:55.189	0.0494121703406762	0.00664602587397461	0.00801124585014665	0.0116267975799091
00:34:25.147	0.0493682798123443	0.00718139513401654	0.00799944063152987	0.0116329195726612
00:34:55.189	0.0492295262440948	0.00707366417565412	0.00792473539408009	0.011266517508251
00:35:25.148	0.0493182720063097	0.00747837868349318	0.00821102000985941	0.0114847910297373
00:35:55.086	0.0491001586640954	0.00765359953451543	0.00797847591607906	0.0116076589707699
00:36:25.085	0.0492908235453721	0.00777424812046422	0.00807437939801159	0.0114760337363582
00:36:55.064	0.04911016668398	0.00829743496877559	0.00805667485793799	0.0114189236688
00:37:25.032	0.0489675194831799	0.00813482673666829	0.00806603265024476	0.0113743379734113
00:37:55.044	0.0488408439520936	0.00825362041223217	0.00802699256668284	0.011425518790658
00:38:25.039	0.0488770293560436	0.00856690042331335	0.00818557354859291	0.0114899409583546
00:38:54.981	0.0488679658704532	0.00870732495701451	0.00797217553512996	0.0111139198108978
00:39:24.977	0.0488769967641699	0.00851662537470521	0.00804504778129423	0.0112997230535205
00:39:54.939	0.0486308383652532	0.00874951902683651	0.00819322065006866	0.0112221062093802
00:40:24.977	0.0487130468754571	0.00916879761023509	0.00805535290735477	0.0114628337825443
00:40:55.339	0.0485508705945935	0.00922955283626405	0.00801295666389656	0.011139906743767
00:41:25.379	0.0484894671691706	0.00929395787618286	0.00809004757653496	0.0112205324904362
00:41:55.332	0.0482478663414957	0.00930217070827519	0.00821057863222177	0.0109934057331405
00:42:25.281	0.0481991557485799	0.00965716800038006	0.00809873356845782	0.0113081194217491
00:42:55.271	0.0481944497102328	0.0101399450542775	0.00816769369003149	0.0111902176358574
00:43:25.244	0.0481909548005792	0.0107592713705834	0.00811661910070522	0.0111203124737258
00:43:55.268	0.0482492376324541	0.0108386402791212	0.00806809898880734	0.0111929723765897
00:44:25.245	0.0482026111474968	0.0105266021344845	0.00843897466883361	0.0110756965103295
00:44:55.178	0.0480727860678003	0.0106267640315701	0.00828589087959561	0.011208376309375
00:45:25.182	0.0481149943968291	0.0106019032719988	0.00830191816283525	0.0110637984030966
00:45:55.139	0.047996662456175	0.01053552301005	0.00823199068697324	0.0108401395322914
00:46:25.183	0.0479096763641325	0.0104467409591881	0.00802326656566996	0.0110911835964492
00:46:55.137	0.0479695623008789	0.0107047258119868	0.00824927173906582	0.0112139236765531
00:47:25.081	0.0477566595217642	0.01116777203176	0.00834242445165984	0.0111240036387523
00:47:55.076	0.0477222547524879	0.0109198466447575	0.00827192188562073	0.0107550380074597
00:48:25.048	0.047722724323656	0.0112367198582157	0.00824351102853735	0.01082469438884
00:48:55.072	0.0475841977718057	0.0113844078412517	0.00835396063159309	0.0112201405089558
00:49:25.047	0.0477528528641518	0.0107092234862106	0.00856215841232476	0.0110709058213761
00:49:54.972	0.0476745759571162	0.0110956423050433	0.00835784060883812	0.0108263788547126
00:50:24.984	0.047738215981492	0.0119277224259818	0.00841543176991926	0.0105768536750333
00:50:55.373	0.0477471995416311	0.0118918644983892	0.00831073883094204	0.0108971429420058
00:51:25.387	0.0476731786517437	0.0111531137498449	0.00848834990015349	0.0108987781428777
00:51:55.345	0.0475726592183315	0.0116584149085855	0.00839122942034728	0.0109987132871962
00:52:25.386	0.0475062193918381	0.0119953340619752	0.00806727118035579	0.010886005068841
00:52:55.342	0.0474182207775392	0.011519361936861	0.00827553189922353	0.0111362286385647
00:53:25.269	0.0475811220545684	0.0121862559013466	0.00842816845922882	0.0108530131561086
00:53:55.281	0.0474665839225576	0.0117456025394943	0.00861775512281743	0.0108889245440239
00:54:25.254	0.0475164868454143	0.0120152166572801	0.00850186935836971	0.0105591675262606
00:54:55.276	0.0476129090559124	0.0125220019347118	0.00838032477301038	0.0105777277980689
00:55:25.189	0.0474477680386015	0.0129139854748122	0.00829414150139991	0.0107124982259725	Sample 111 acquired at 00:55:25
00:55:55.157	0.0473436652627869	0.012595761167126	0.0085180767454453	0.0109573533698167
00:56:25.189	0.0474822056262671	0.0124240691122269	0.00848023082923546	0.0108924964499443
00:56:55.145	0.0472191174532754	0.0117486593938649	0.00855467625956194	0.0106602883071572
00:57:25.091	0.0472122295469875	0.0121303859502265	0.00843308671600787	0.0108356226945667
00:57:55.083	0.047205208781497	0.0125165651617182	0.00834128416553569	0.0111056425848692
00:58:25.054	0.0471698768838623	0.0124512933502326	0.00838568950396507	0.0110355470566457
00:58:55.080	0.0471605912310137	0.0125979498888134	0.00865677729642825	0.0104140464860003
00:59:25.055	0.04716857123565	0.0130499302744724	0.00842936982592354	0.0104485138164089
00:59:55.463	0.0472525351549124	0.0133452020203416	0.00846856735753031	0.0104674839632674
01:00:25.395	0.0472081597639656	0.0132393333421873	0.00822244438804688	0.0105957376653428
01:00:55.365	0.0470650891700957	0.0126188603651453	0.00852279913003756	0.0108735820033769
01:01:25.393	0.0472009801413571	0.0127338875487168	0.00847709102939789	0.0107216817009709
01:01:55.348	0.0472274609602331	0.0132704685278817	0.00855438673444047	0.0104746351570344
01:02:25.296	0.0471635481803984	0.0131701609152544	0.00839916431151973	0.0107375681262101
01:02:55.288	0.0471300743052526	0.0134300966434828	0.00848679424063473	0.0108871808954753
01:03:25.258	0.0471911352618512	0.0131961241302518	0.00853293594201988	0.0106433603395847
01:03:55.284	0.0470407223455375	0.013649094576842	0.00852719015984694	0.0108278248915726
01:04:25.260	0.0470220232562962	0.0131652934321137	0.00872236384077009	0.0104078985982981
01:04:55.186	0.047032575604719	0.0140107526632804	0.00853577794290539	0.0108819912025413
01:05:25.197	0.0469371944196543	0.0142459906291627	0.00848135556020153	0.0107784680675652
01:05:55.157	0.0468803223243642	0.0142615277851	0.00850285927769876	0.0106480957031474
01:06:25.120	0.0468769727043351	0.0139901608013973	0.00862814813191258	0.0106056053467146
01:06:55.153	0.0470445341777289	0.0142313723089515	0.00861137141564613	0.0104459464439862
01:07:25.076	0.046966930280694	0.0140726601061559	0.0085888301761618	0.010519753520591
01:07:55.092	0.0469456267985454	0.0142507565842563	0.00878446140139677	0.0106177573414039
01:08:25.472	0.0468155600532097	0.0144455493945267	0.00861192364937824	0.0104673368416391
01:08:55.492	0.0470697915314191	0.0145218081467021	0.00832143082675149	0.0105769665746986
01:09:25.464	0.0469211696056836	0.0144118702639299	0.00843442419238099	0.0108143290140235
01:09:55.413	0.0468074176020646	0.014170544843847	0.00859045622021944	0.0103687654359728
01:10:25.402	0.0468367827051116	0.0140906430881989	0.00867062015140353	0.0102417024173278
01:10:55.375	0.0468413859645971	0.0137967782866754	0.00877894335567204	0.0105893610010852
01:11:25.401	0.0468407272298856	0.0138313046333924	0.00879939863370044	0.0105110626520123
01:11:55.360	0.046707812826025	0.0141580819807262	0.00868048697405832	0.0104093783946918
01:12:25.313	0.046964306231217	0.0137858351396445	0.00860216953436461	0.0107186589250012
01:12:55.297	0.0468212166662761	0.0141849894027771	0.00866203970637473	0.0103887089778819
01:13:25.274	0.0467810228780057	0.0141506301885667	0.00888582699165627	0.010409946189351
01:13:55.298	0.0467700438450647	0.0135740570793881	0.0085972152765732	0.0107431525844636
01:14:25.270	0.0467203744200093	0.0135532190795421	0.00862622662761933	0.0105984055179011
01:14:55.206	0.0466847712542359	0.0142938810898057	0.00869122884508991	0.0106700101072476
01:15:25.203	0.0468363291335654	0.0148254411692098	0.00866166895463106	0.0106790343244546
01:15:55.163	0.0468260675568337	0.0142863299520165	0.00858920258522249	0.0104302064891643
01:16:25.205	0.0468253427852589	0.0137824396528	0.00864607024620523	0.0107418236132875
01:16:55.163	0.0466664310968588	0.0140952817682161	0.00856601296904848	0.0105508337199212
01:17:25.100	0.046652030935439	0.0143018707833155	0.00860927623980489	0.0102639492002039
01:17:55.546	0.0467240084684306	0.0146833558688104	0.00869316798840999	0.0105415714131581
01:18:25.501	0.0467609257742671	0.0138573387867372	0.00880230259648384	0.0107264300413465
01:18:55.499	0.0465533427199416	0.014127541956394	0.00862048397498273	0.0102853260473552
01:19:25.470	0.0466467947946532	0.0141490189091843	0.00875887273342435	0.0106141912825878
01:19:55.495	0.0466295568689367	0.014068937230592	0.00857834601191826	0.0104429437634813
01:20:25.471	0.0466209292988515	0.0144992633071798	0.00859125036708524	0.010399008235217
01:20:55.395	0.0466429632422996	0.0145966013036196	0.00873845129808428	0.0102304697313622
01:21:25.410	0.0466471559849354	0.0153310152918606	0.0084946291502149	0.0106440216912367
01:21:55.373	0.0464914299727233	0.0150849012305829	0.00868693924373969	0.0102813706158808
01:22:25.334	0.0465253826250183	0.0151947803983684	0.00872888459761657	0.0102168665092593
01:22:55.370	0.0464266166872832	0.0152685625227187	0.00860028360719359	0.010295465833633
01:23:25.290	0.0465377609058059	0.0153014496214237	0.00861848626783124	0.0107780378687487
01:23:55.305	0.0464905226430639	0.0149187699606178	0.00870456839302913	0.0105885742760777
01:24:25.274	0.0467195638681225	0.0154410109065359	0.00882859012142541	0.0104876742897997
01:24:55.301	0.0464725473715708	0.0153253429423074	0.00871194110531029	0.0102193134950349
01:25:25.213	0.0463806983110953	0.0150659574395985	0.00864444727421374	0.0103404253060781
01:25:55.191	0.0466141009168795	0.0144820160175425	0.00881988758790347	0.0104232657536325
01:26:25.211	0.046481581535082	0.014253348003582	0.00838047150801871	0.0105691953262088
01:26:55.175	0.04650812334525	0.0144093143701341	0.0086850982626972	0.0103520859395863
01:27:25.212	0.0465039418880158	0.0148456718470265	0.00870495210645903	0.0101810148994748
01:27:55.172	0.046667232811013	0.0150139941732473	0.00866125570536328	0.0103759610514835
01:28:25.614	0.0465985347583637	0.0155167063503997	0.0086238268180506	0.0104908396853136
01:28:55.585	0.0466708948525318	0.0154352594313471	0.00883030101176872	0.0104002858450083
01:29:25.615	0.0466003625733649	0.0156071171339012	0.008781793956299	0.0105119571883581
01:29:55.574	0.0465784358924592	0.0155365129804	0.00871784650479705	0.0105708991649186
01:30:25.616	0.0465735346373525	0.0151301916704231	0.00864201202442653	0.0103526110496782
01:30:55.574	0.0467045847384789	0.0148494374930517	0.00885744437238625	0.0106082968798054
01:31:25.534	0.0467326151341906	0.0155738416544427	0.00880838348876196	0.0104961773470361
01:31:55.574	0.0467478419204252	0.0152973891520133	0.0086868826185516	0.0104817243026126
01:32:25.503	0.0466340842120398	0.0147654032709386	0.00879690941500911	0.0104183472355056
01:32:55.511	0.0466011976073242	0.0144829567947476	0.00903219174387829	0.010469730727142
01:33:25.483	0.0464894156267738	0.0146930991654816	0.00868849409447399	0.0104863005289126
01:33:55.509	0.0465531827555425	0.0141408068280063	0.00870453239100745	0.0104456558710162
01:34:25.483	0.0465966364280875	0.013747078182546	0.00884938837636776	0.0106105994817226
01:34:55.408	0.0464260505939784	0.0146609912315172	0.00873382843227739	0.0103033453222752
01:35:25.419	0.0465054932225634	0.0139836103868326	0.00865254933848464	0.0106537078915171
01:35:55.378	0.0465914031839855	0.0144748675372923	0.00861839465446888	0.0104345951262142
01:36:25.418	0.0465959259248782	0.0146444808110516	0.00870823279177847	0.0107522501295912
01:36:55.375	0.0465299051010273	0.0143138760299379	0.0087385194476877	0.0102570095995225
01:37:25.303	0.0466015608340786	0.0148349710297705	0.00858450509995165	0.0105768944195695
01:37:55.313	0.0466297119798385	0.015224190999396	0.00865615647146346	0.0105876255333013
01:38:25.285	0.0465524081979191	0.0149889136228225	0.00867822273354781	0.0104720542573677
01:38:55.234	0.0465061977197432	0.0153509840482154	0.00856365088543539	0.010572271095912
01:39:25.222	0.046554316395388	0.0154958172831196	0.00855017318816956	0.0105041965269647
01:39:55.694	0.046633501472604	0.015696612201856	0.008507760571436	0.0106649718404001
01:40:25.625	0.0466450127888037	0.0163361019236283	0.00866296728263184	0.0106272693328093
01:40:55.589	0.0465812428654673	0.0156091844804715	0.00846790117585416	0.0103414924844943
01:41:25.623	0.0467216081290939	0.0157791220752309	0.00869547606636399	0.0104194256954596
01:41:55.580	0.0465896506853073	0.0158946138843132	0.00845936878065748	0.010600024199882
01:42:25.522	0.0465778471016331	0.015933496559677	0.00873085736477516	0.0106775237885486
01:42:55.517	0.0466047393017904	0.0156586201747853	0.00862653501637646	0.0106947800666539
01:43:25.489	0.0468057285234817	0.0156006512719665	0.00870070406165908	0.0104062322077473
01:43:55.516	0.046596784952246	0.0157825477974516	0.0086633035343433	0.0106125558556299
01:44:25.489	0.0465986252855991	0.0160100764599904	0.00894223546662254	0.0106298232567797
01:44:55.407	0.0465695372036908	0.0157871273324743	0.00860824601931276	0.0103648628344448
01:45:25.428	0.0465505481839596	0.0154900926302537	0.00873570276081603	0.010578241491981
01:45:55.390	0.046537382561141	0.0153747229226875	0.00908604146819007	0.0106420834676469
01:46:25.336	0.0465838405313008	0.015647882738325	0.00875728653247466	0.0105827369037601
01:46:55.326	0.0465455029328809	0.0153305212246125	0.00883608920046336	0.0105971340118951
01:47:25.344	0.0465097588437033	0.0147677733641385	0.00874220219843202	0.0106615387764902
01:47:55.263	0.0465736340671847	0.0151102982092078	0.00874845388763409	0.0105306790230569
01:48:25.243	0.0465914706220346	0.0148000898407828	0.00867580304027722	0.0103999657041373
01:48:55.687	0.0467018807261941	0.0152448122041452	0.00887252368203637	0.0105447714346589
01:49:25.632	0.0465277014906931	0.0151504703829256	0.00880258449838758	0.0102226834000089
01:49:55.652	0.0465216701852442	0.0151657237536859	0.00856728413383105	0.0100708858051613
01:50:25.614	0.046583991578576	0.0157849277968373	0.00840185457820511	0.0106701487873382
01:50:55.576	0.0465726403079758	0.0154676692004934	0.00864473898323296	0.0101665924187232
01:51:25.536	0.0464908924803818	0.015383991792341	0.00866785172174764	0.0103285411391734
01:51:55.527	0.0466693705049081	0.015014762029819	0.00892701014131292	0.010664226981182
01:52:25.499	0.0464248569135632	0.0156536591115987	0.00872829486295621	0.0106147390492808
01:52:55.526	0.0465988291628906	0.0149582118028684	0.00892142563121596	0.0102295474977048
01:53:25.438	0.0464722801246979	0.0149512683939157	0.00865943497168752	0.0104727568368308
01:53:55.409	0.046429107736704	0.0148103419519363	0.00867201663743757	0.0107678710180518
01:54:25.383	0.0466039709392414	0.0154304765169512	0.00876549636702237	0.0105718132648332
01:54:55.384	0.0465796796097818	0.015908997651578	0.0087474957041953	0.0104426846255957
01:55:25.347	0.0465819099862115	0.0161611358465013	0.008628221252106	0.0105286169346939
01:55:55.325	0.0464854618111071	0.0161217866185621	0.00869795227465855	0.0104786496672813
01:56:25.293	0.0466250661231313	0.0158568380815903	0.00871469385310275	0.0106824069175795
01:56:55.705	0.046664675451404	0.0150903510584189	0.00850390292881265	0.0104691005435796
01:57:25.707	0.0465333840553008	0.0147008980081129	0.00859140552303773	0.0106249186502314
01:57:55.647	0.0467455048749806	0.0151174663134021	0.00869082964039129	0.0104104022077543
01:58:25.689	0.0466564025029874	0.0154814309058959	0.00870079846841475	0.0107771252674892
01:58:55.651	0.0464829590079275	0.0157315115089431	0.0085626989234386	0.0105159978178108
01:59:25.612	0.0464314249662778	0.0153327688327789	0.00866254001931704	0.010701171681155
01:59:55.537	0.046233207212414	0.0155247214408672	0.00862794348921422	0.0101306767372037
02:00:25.509	0.0465200476082385	0.0156567221357942	0.00876526268671068	0.010399332650993
02:00:55.524	0.0465653279512755	0.0156519548309612	0.00870245777580452	0.010330786946766
02:01:25.502	0.0465535779723671	0.015926490884104	0.00838673025291798	0.0103551226896115
02:01:55.429	0.0463832061667283	0.0158331630237022	0.00861164393791888	0.0104716689560409
02:02:25.400	0.0464636456992531	0.0153051557575226	0.00871839024907104	0.0106889779226081
02:02:55.389	0.0465142838848766	0.0151912071387064	0.00866788661867118	0.010234625824035
02:03:25.351	0.0464966684961689	0.0150225014582937	0.00864856554111067	0.0101175416127325
02:03:55.331	0.046347473595385	0.0153247598760293	0.00867383626702472	0.0103190175883454
02:04:25.754	0.046547189899621	0.0157423744825751	0.00887807126823726	0.0103489451506584
02:04:55.734	0.0465985508943489	0.0157992729241854	0.00868777865754269	0.0103176744441859
02:05:25.701	0.046542629993317	0.0166009271648341	0.0086698045954647	0.0103757042791395
02:05:55.650	0.0465022667162376	0.0166163811463978	0.00842251685999006	0.0104285828939485
02:06:25.644	0.0464477440193421	0.0167311690458142	0.00855387001798365	0.0103999386126488
02:06:55.606	0.0465421314134637	0.0168229363818751	0.00851490126964887	0.0105355658547554
02:07:25.565	0.0464113714300825	0.0168135365974154	0.00864831889951671	0.0104332216873662
02:07:55.598	0.0465690998484191	0.017078353351479	0.00885290364216714	0.0105412032976746
02:08:25.556	0.0465426905992259	0.0171305377057027	0.00862043409256331	0.0103917134251288
02:08:55.537	0.0465955758692529	0.0169249218523515	0.00872380684915264	0.0104301671263735
02:09:25.503	0.0466127093166653	0.0161747647377138	0.00867449466710849	0.0104062672217469
02:09:55.431	0.0465703765127424	0.0164139927171214	0.0086783928819834	0.0104420385237795
02:10:25.445	0.046691411297529	0.0165510623791914	0.00850661812458975	0.0104439349895648
02:10:55.407	0.0466560455230665	0.0162691497923184	0.00867081621513366	0.0104675595573812
02:11:25.350	0.0464621996468038	0.0164244221172953	0.00852303690283211	0.0102044385605035
02:11:55.790	0.0464645570281812	0.016123466813816	0.00860028834093098	0.0103119900793188
02:12:25.743	0.0466006892066025	0.016415543124587	0.00857895817175238	0.010557297098692
02:12:55.745	0.0465558638974168	0.0159240329131182	0.0085710414221022	0.010256703232233
02:13:25.697	0.0466258450987882	0.0160435329303158	0.00851798254549776	0.0101580901937698
02:13:55.662	0.0468752326970599	0.0161144836762186	0.00855361031230928	0.0104005991622257
02:14:25.638	0.0468395914118362	0.0155212385799329	0.00858391644395306	0.0104368616316959
02:14:55.665	0.0466748289427036	0.0156186354054751	0.00838480081486074	0.0104580448728643
02:15:25.632	0.0466670283963347	0.0157374322651909	0.00865619912182066	0.0104865858189522
02:15:55.593	0.0466379809528631	0.0159781305229517	0.00838066731887428	0.0102504210002837
02:16:25.541	0.0466359020796118	0.0157499366861019	0.00842654484938286	0.0107258565086651
02:16:55.543	0.0467386805176519	0.0159353445717533	0.00843106448000527	0.010435655142001
02:17:25.516	0.0466801645773611	0.0160694527910401	0.00851653327177118	0.0107067763458937
02:17:55.540	0.0468261554667117	0.0167206073785105	0.00830673418743664	0.0105175715211151
02:18:25.450	0.046927181778842	0.0171350808210607	0.00869330808255574	0.0106540064681785
02:18:55.421	0.0467418232102948	0.0170067407684957	0.00849983685648422	0.0104538027205148
02:19:25.852	0.0466776547922297	0.0166282398553994	0.00847038977289057	0.0103098115017738
02:19:55.815	0.0468014100756457	0.0169861249369121	0.0082791481798371	0.0107433638917147
02:20:25.849	0.0467552840819919	0.0170935115907396	0.00825885806301912	0.0103407358906463
02:20:55.807	0.0466563126234951	0.0163767326059736	0.00853978104960867	0.0103650581136726
02:21:25.747	0.0468519170457042	0.0167725513162129	0.00826985865221738	0.0103662802920317
02:21:55.745	0.0466018188668048	0.0172478110210066	0.00845278465887673	0.0102830760839435
02:22:25.715	0.0466600838228671	0.0172751615787247	0.0083302331070223	0.0102099285587489
02:22:55.740	0.0467279480200698	0.016635128915769	0.00850903687926296	0.0105239347066158
02:23:25.653	0.0466636156949418	0.0168591020700683	0.00828536831339978	0.0102423954567965
02:23:55.630	0.0467462111892282	0.0167888502293516	0.00844231546077833	0.0104451604065915
02:24:25.653	0.0466088884179749	0.0164879330126187	0.00859126573872666	0.0103774668032306
02:24:55.612	0.0465239274168151	0.0169150041537331	0.00854644880821014	0.0106873517354932
02:25:25.561	0.0466220784999841	0.0169284622345868	0.00841363281167341	0.0104000154796388
02:25:55.545	0.0465994359503391	0.0174738815903804	0.00839801726161927	0.0106584411499209
02:26:25.525	0.0465880854101874	0.0177766083642435	0.00837866269282829	0.0103477346723709
02:26:55.548	0.0467887141786388	0.0174096215584086	0.00868786556117769	0.0104926403292844
02:27:25.519	0.0468019582827101	0.0167053885501298	0.00840524541026581	0.0104980300584484
02:27:55.446	0.0466943572638985	0.0162818331835422	0.00849828852309542	0.010463925608681
02:28:25.920	0.0466338549975352	0.0171052007260085	0.00825575130503175	0.01031822923882
02:28:55.842	0.0466149788898885	0.0175642418121372	0.00833313930373066	0.0106458989229358
02:29:25.856	0.0465524895797173	0.0173571173742716	0.00836343630735242	0.0105054025121016
02:29:55.814	0.0467215931192256	0.0178625480254904	0.0082412267948636	0.0105453325942483
02:30:25.771	0.0465720445045024	0.0178775225411685	0.00843390726321338	0.0103910933247934
02:30:55.751	0.0467042654535612	0.0182352512908749	0.00827646704637005	0.0104485971083632
02:31:25.728	0.0466374005773399	0.0180523082675659	0.00844419963176597	0.0104169999654807
02:31:55.754	0.0466928950060109	0.0179509008272077	0.00851017709584607	0.0103094473469149
02:32:25.724	0.046656340870675	0.0183572293403888	0.00841016514536081	0.0104823044202815
02:32:55.657	0.0469039607793228	0.0178565291101936	0.00828728367690438	0.0106578894522886
02:33:25.660	0.0468420251199047	0.0178877086993588	0.00827134195001246	0.0106964250514343
02:33:55.619	0.0467250929254261	0.017936784145196	0.00825310907121374	0.0104803983613159
02:34:25.659	0.046780603694108	0.0180515362203833	0.00844747650509592	0.0104570772818392
02:34:55.619	0.0466682389787235	0.0179354947170577	0.00849635062549425	0.0101155609135795
02:35:25.538	0.0466292044851653	0.0183878897808567	0.00828939535655055	0.0102646908504169
02:35:55.555	0.0467509615278313	0.0181416400094238	0.00813838844799277	0.0101723066112236
02:36:25.934	0.0467635942053767	0.0178605724769014	0.00837676702406466	0.0103012825848666
02:36:55.960	0.0466993749278026	0.0176862621119973	0.00874423072557718	0.0105776970646201
02:37:25.914	0.0466351359824473	0.0178405962100781	0.00815516422485438	0.0104047517242931
02:37:55.872	0.0466307280786642	0.0174553078722404	0.00854350031208914	0.0103041209656377
02:38:25.836	0.0464808053175837	0.0176263110438474	0.00843412455907768	0.0102608196328756
02:38:55.881	0.0466732304089074	0.0173545711401699	0.0081811251198164	0.0103738224771195
02:39:25.838	0.0466333588884426	0.0172976934815798	0.00844725972764847	0.0101199523933632
02:39:55.766	0.0465906637785898	0.0172168050419452	0.0082790025978401	0.0104984286694257
02:40:25.779	0.046780450014952	0.0179281282770387	0.00833455849654148	0.0105033245094306
02:40:55.759	0.0466142126960431	0.0176432964453015	0.00837102082302051	0.0104659393117155
02:41:25.723	0.0465045959342214	0.0174158636752327	0.0084566604697964	0.010535251743259
02:41:55.751	0.0465652016699343	0.0178531380252878	0.00847172686380956	0.0104889273807735
02:42:25.667	0.0467337660906736	0.0184193568198903	0.00824678673622733	0.0102608359707884
02:42:55.631	0.0468192415184917	0.0182069686598464	0.0082791777223014	0.0107562767832683
02:43:25.666	0.0465901684780228	0.017882851944118	0.0083040928138725	0.0106577487369201
02:43:55.623	0.046489822682987	0.0177517729826401	0.00849724601055614	0.0102776164448356
02:44:25.574	0.0465146351325883	0.0175592830925004	0.00837955467789228	0.0101208161341781
02:44:55.560	0.0466133817234054	0.0180749720010983	0.00830152627785747	0.0101404635016681
02:45:25.975	0.0467508336133176	0.0176211537736898	0.00835309325135945	0.010353106623266
02:45:55.962	0.0465591455937815	0.0180271402296312	0.0084014844540769	0.010319335291657
02:46:25.939	0.046713169712996	0.0181541476901005	0.0083244002024255	0.0104387833998623
02:46:55.962	0.0465363526854227	0.017903249980505	0.00841437555261504	0.0104837159485964
02:47:25.932	0.0465146003669195	0.0183645582078075	0.00818096043513684	0.0105613132503023
02:47:55.867	0.0465647889677353	0.0183193583209271	0.00819634481689117	0.0103763398808558
02:48:25.871	0.0466446207512301	0.0180656269983963	0.00850694070877326	0.0103290739756938
02:48:55.828	0.0467431682001595	0.0179210524489194	0.00831587705109824	0.0104135639181184
02:49:25.870	0.0468377826900673	0.0178055847757406	0.00842021384756496	0.010397692819646
02:49:55.825	0.0467254367854061	0.0179812153400941	0.00817170619826235	0.0105841968486826
02:50:25.762	0.046740124372628	0.0177970629498225	0.00846382320386515	0.0106769401767248
02:50:55.785	0.0465911964386592	0.0177306857547102	0.00815948865225496	0.010809709163804
02:51:25.745	0.046596219091237	0.0176165271774621	0.00816065721906317	0.0105818116422415
02:51:55.707	0.0466341943746056	0.0176127340959523	0.00810080059220868	0.010615159868276
02:52:25.673	0.0467849328307837	0.0176012741256201	0.00835100443426521	0.0105744808792444
02:52:55.689	0.0465665181170518	0.0178391814223432	0.00827691412115741	0.0105882234450782
02:53:25.648	0.0465472336275746	0.0179648136478219	0.00820252174597815	0.0102787782162804
02:53:55.605	0.0467268555780229	0.0175960400320092	0.00835511130019909	0.0108438624567178
02:54:26.055	0.0467550731075009	0.0176828015009917	0.00817106683210478	0.0104586048350302
